1,1,1,2020-03-01
2,1,2,2020-03-01
3,1,3,2020-03-01
4,1,4,2020-03-01
5,2,5,2020-03-01
6,2,6,2020-03-01
7,2,7,2020-03-01
8,2,8,2020-03-01
9,3,9,2020-03-01
10,3,10,2020-03-01
11,3,11,2020-03-01
12,3,12,2020-03-01
13,4,13,2020-03-01
14,4,14,2020-03-01
15,4,15,2020-03-01
16,4,16,2020-03-01
17,5,17,2020-03-01
18,5,18,2020-03-01
19,5,19,2020-03-01
20,5,20,2020-03-01
21,6,21,2020-03-01
22,6,22,2020-03-01
23,6,23,2020-03-01
24,6,24,2020-03-01
25,7,25,2020-03-01
26,7,26,2020-03-01
27,7,27,2020-03-01
28,7,28,2020-03-01
29,8,29,2020-03-01
30,8,30,2020-03-01
31,8,31,2020-03-01
32,8,32,2020-03-01
33,9,33,2020-03-01
34,9,34,2020-03-01
35,9,35,2020-03-01
36,9,36,2020-03-01
37,10,37,2020-03-01
38,10,38,2020-03-01
39,10,39,2020-03-01
40,10,40,2020-03-01
